-1.32
-1.34
0.56
-1.32
-1.32
-1.33
-1.33
-1.33
-1.34
-1.33
-1.34
-1.32
-1.33
-1.32
-1.32
-1.33
-1.33
-1.33
-1.33
-1.33
-1.32
-1.33
0.56
-1.33
0.30
1.04
-1.33
0.01
0.27
0.76
0.85
0.06
1.04
2.28
1.23
-1.32
-1.34
-1.33
-0.23
-1.33
-1.35
1.06
0.96
-1.34
0.98
-1.33
4.02
0.45
0.99
0.99
1.02
1.02
-1.32
0.95
1.40
1.06
1.69
9.33
1.71
0.33
0.99
1.03
-1.33
1.00
1.09
-0.14
1.05
0.21
0.51
7.72
-1.34
-1.33
1.17
0.44
0.90
1.37
1.01
-1.33
8.69
2.18
0.99
-0.12
1.04
-1.33
0.59
0.76
1.59
0.84
0.53
0.04
0.88
0.05
1.15
0.55
0.83
0.95
0.96
0.86
1.03
1.03
3.94
0.93
0.97
0.82
1.02
0.99
0.94
0.72
1.32
1.05
0.93
1.08
1.00
0.98
1.03
1.03
0.75
1.02
1.39
1.01
1.02
0.83
1.70
1.08
0.96
0.48
0.90
0.86
0.57
8.00
1.08
0.74
0.97
1.05
1.02
1.14
0.58
0.72
0.77
0.29
1.20
0.47
0.98
0.95
1.06
0.92
1.99
0.96
1.04
0.72
1.04
0.92
1.06
1.99
1.00
0.83
1.04
1.05
1.22
0.94
1.01
0.75
0.96
3.16
1.82
0.98
0.86
0.77
1.00
0.96
0.89
1.05
1.14
0.99
1.00
1.24
1.02
0.87
1.02
1.03
0.90
1.60
0.92
0.98
1.37
4.13
1.04
1.00
0.99
1.04
0.88
1.46
1.06
1.03
1.03
0.99
1.04
1.01
1.10
1.01
1.04
1.07
1.05
1.11
1.19
1.05
2.82
1.06
1.12
1.03
0.99
1.01
1.15
1.03
1.90
4.44
1.04
1.05
1.06
-82.93
1.00
1.21
0.95
0.81
0.86
1.01
3.77
1.04
1.78
1.06
1.05
0.98
1.39
1.10
1.03
3.89
0.96
2.57
9.31
11.93
1.11
0.93
1.10
0.79
2.61
0.73
1.05
1.05
1.11
0.94
1.03
1.71
1.08
1.73
1.03
0.94
0.93
1.00
1.04
0.92
0.89
1.07
-1.35
1.06
0.76
1.20
1.00
0.68
0.85
2.10
1.05
0.99
1.21
1.02
0.96
1.07
1.36
0.96
0.98
1.02
0.90
8.26
0.96
1.06
0.93
1.19
0.83
1.21
1.02
-94.93
-91.21
1.05
1.00
1.12
1.09
4.70
-0.26
3.57
1.00
2.06
0.98
1.06
0.95
0.97
1.84
0.92
-96.04
3.83
1.04
-0.54
1.02
1.09
2.83
1.18
1.12
1.07
-102.90
-99.26
1.02
1.24
1.56
1.70
0.97
0.98
1.16
0.97
1.76
-91.35
0.96
1.47
0.95
1.16
1.62
1.66
1.46
1.98
6.18
1.05
0.99
1.73
-55.21
7.52
1.34
1.93
4.92
-92.64
1.07
0.99
1.10
1.10
0.95
1.05
0.99
0.89
1.02
1.36
1.23
1.33
11.69
3.49
1.00
0.97
1.05
1.05
1.04
1.84
1.13
1.38
1.06
1.02
1.05
1.14
1.69
1.06
1.03
0.95
1.11
1.73
1.08
1.00
1.03
1.35
1.07
1.29
1.10
0.95
1.10
1.66
8.48
4.97
0.91
1.04
1.15
1.62
1.02
1.58
1.71
1.04
1.36
1.72
1.09
1.09
1.35
1.41
0.96
1.18
1.00
0.97
0.99
2.37
1.65
1.66
0.99
1.06
1.06
1.02
1.04
2.08
0.73
1.07
1.01
1.03
2.05
1.03
1.83
1.73
1.44
1.88
3.06
1.05
1.01
1.45
1.70
1.94
0.92
1.30
0.96
1.04
1.05
1.55
1.02
0.93
1.05
1.93
0.84
11.41
1.13
1.02
1.22
1.02
1.19
1.07
3.01
1.00
1.02
1.29
1.01
1.03
1.04
1.93
1.28
0.97
1.04
1.36
4.47
1.05
1.06
1.00
1.11
1.13
1.01
0.86
1.02
1.06
1.03
1.01
1.03
1.12
1.34
1.02
0.98
0.95
1.08
2.04
1.16
13.72
1.04
1.70
1.49
1.05
1.17
0.88
1.03
1.02
1.25
1.04
1.06
1.00
1.11
0.99
0.91
1.00
0.96
1.89
0.38
1.18
1.13
1.05
1.00
1.48
1.22
1.36
1.05
1.04
1.13
0.95
1.05
0.86
1.06
1.78
1.00
1.52
1.14
1.08
1.01
1.59
0.99
1.01
7.60
0.96
1.28
2.44
2.58
1.00
0.89
1.39
0.98
1.06
2.39
0.88
19.41
0.98
1.41
1.01
1.00
1.07
1.11
1.19
1.04
0.87
1.00
2.48
1.28
1.08
-1.25
1.00
-1.25
1.06
1.07
1.94
-1.29
-1.35
-1.34
-0.12
-0.16
0.13
1.02
1.91
1.55
0.32
0.74
1.14
0.74
-1.26
-1.29
1.01
1.75
0.44
0.11
0.91
0.30
4.85
1.85
1.08
1.03
1.68
1.00
0.40
1.58
1.63
0.98
1.07
1.27
0.95
0.95
1.00
-1.33
1.01
0.94
0.49
1.79
1.67
0.22
1.00
0.01
1.01
1.04
1.26
1.22
-0.03
0.99
0.98
1.04
1.01
0.53
0.99
0.45
0.86
0.94
0.23
0.96
0.69
0.94
0.76
0.96
0.85
0.29
1.02
1.19
0.57
0.98
1.04
0.83
2.02
1.48
1.11
0.99
0.94
34.54
1.03
0.89
2.02
1.00
1.66
1.14
1.01
1.02
22.46
1.35
1.36
-1.33
0.03
1.04
5.85
0.43
1.06
0.26
0.12
0.70
0.96
1.14
-36.13
0.86
-13.83
1.55
0.89
0.23
1.08
-1.29
1.05
1.04
0.97
0.37
1.00
0.68
3.73
1.02
0.97
1.10
0.73
1.34
50.70
7.68
31.85
1.03
0.78
0.93
0.99
0.79
0.99
0.83
1.04
1.03
0.87
1.80
0.99
1.74
2.82
0.75
0.99
0.69
1.05
1.00
1.05
0.87
0.94
0.82
-103.50
0.96
23.99
0.89
0.68
0.92
0.97
2.97
3.53
0.82
1.04
26.33
1.06
-63.46
1.07
1.05
2.93
1.63
2.75
1.00
33.53
0.92
1.01
1.00
0.95
41.44
40.02
6.93
0.98
0.92
1.08
0.94
11.74
0.94
1.11
0.88
3.38
1.02
0.96
0.98
0.99
0.97
7.60
-0.37
0.98
1.35
1.00
0.84
-100.75
7.36
1.68
0.91
1.02
0.95
1.06
7.19
1.00
1.29
1.01
10.31
1.07
-101.87
1.18
1.09
0.50
0.98
-101.33
1.05
0.92
3.41
-0.88
1.53
1.01
-73.00
0.84
27.49
1.01
1.01
1.19
-91.66
1.72
1.02
1.01
0.87
-101.15
0.99
7.45
0.97
13.08
1.05
1.01
23.87
-103.29
53.57
9.34
1.07
1.03
1.02
1.57
0.93
0.97
-102.18
-1.78
16.65
0.94
0.96
40.20
0.99
3.45
1.03
3.46
0.93
-98.54
7.49
28.22
0.62
55.49
1.03
3.20
0.39
1.12
1.15
-0.98
1.63
0.98
34.66
0.73
-103.60
1.87
1.07
1.22
1.07
1.32
0.98
0.94
5.46
0.94
1.00
0.92
1.85
1.03
0.99
0.73
0.93
1.07
1.07
0.89
1.10
0.92
0.98
0.99
0.87
1.02
4.13
0.66
0.93
1.01
7.56
1.00
1.26
8.47
1.01
-1.26
39.66
1.59
1.03
1.02
0.82
11.45
0.93
0.98
0.92
45.62
0.65
25.90
1.11
1.04
0.95
0.96
14.09
1.05
0.88
0.86
0.98
47.77
1.10
-101.54
0.98
56.76
-101.33
0.98
3.26
0.99
-103.60
0.82
0.97
-101.16
1.00
1.08
1.06
0.98
52.47
0.50
1.04
0.93
0.74
32.10
0.64
1.05
-103.37
1.00
1.10
58.89
27.49
0.98
0.98
36.99
1.32
1.05
0.94
1.29
0.96
33.61
1.01
51.41
0.45
0.35
0.50
1.00
-81.41
0.92
-102.67
7.66
2.04
0.45
1.14
1.64
1.00
0.23
1.04
-101.49
1.02
41.61
1.00
1.35
16.72
1.07
0.18
-78.39
54.78
0.80
1.41
0.98
1.09
49.58
0.34
0.81
-101.24
-90.74
0.21
0.69
0.98
-2.83
-94.44
1.08
0.90
1.45
0.91
1.04
0.54
0.50
1.06
49.07
1.04
1.05
1.10
1.05
0.84
16.49
0.49
-94.57
-102.68
-99.07
1.05
58.28
0.85
1.10
0.98
-88.01
0.30
-101.90
-102.43
52.72
0.21
0.96
-1.35
0.99
10.26
0.98
1.00
0.69
1.03
0.97
0.86
1.06
0.75
0.36
0.97
-1.28
-101.88
52.27
-99.26
1.08
1.52
0.91
47.28
0.91
-0.08
0.93
0.89
1.03
0.68
38.12
0.97
1.08
1.05
0.88
-1.34
0.91
7.02
0.33
1.38
1.01
0.41
1.07
0.39
0.20
0.01
0.27
1.08
1.03
1.48
0.81
1.10
0.96
59.02
-1.34
0.45
0.95
0.92
0.14
-0.06
0.80
0.68
0.95
0.84
1.07
1.08
0.41
58.09
1.07
-1.25
1.03
-1.25
0.01
0.56
-1.30
-1.32
1.05
-1.27
0.93
1.12
0.77
1.06
53.93
0.75
1.06
58.97
2.76
-0.17
1.02
0.91
43.98
0.70
0.90
0.21
7.59
5.74
-1.34
1.07
1.15
1.05
-101.53
0.91
2.05
44.31
1.06
0.98
0.67
1.03
0.93
0.89
0.48
50.45
1.06
-100.78
0.12
1.09
0.98
0.79
58.80
0.95
1.04
0.94
0.83
47.82
0.56
1.06
53.49
1.07
0.34
0.45
-1.34
0.56
-1.24
0.73
-1.27
0.51
0.54
0.89
-1.34
-1.26
0.55
0.52
1.96
1.05
0.84
54.22
1.09
0.83
-1.25
1.03
-1.24
1.02
0.70
-1.31
0.22
44.93
54.17
0.79
17.84
-0.09
-1.35
5.31
0.24
-100.69
50.49
0.74
-1.31
-1.35
0.94
-0.12
5.32
0.57
5.32
-1.33
-1.35
0.47
-1.35
1.05
0.95
0.60
7.49
-76.57
1.41
-1.33
0.91
-0.01
7.14
0.86
0.39
0.57
0.94
54.30
1.00
0.97
0.95
0.39
6.35
5.31
4.14
-1.23
37.68
0.93
1.47
5.32
1.08
1.03
0.34
0.71
47.27
5.32
0.19
0.96
0.89
0.83
0.82
5.30
0.74
36.91
0.75
0.96
0.97
0.44
7.68
0.82
55.09
5.33
1.01
51.59
5.30
0.92
7.70
1.36
0.28
1.65
0.91
5.33
5.30
1.00
0.98
0.16
-90.79
0.93
0.67
5.31
0.39
0.81
5.30
0.86
1.08
1.01
0.56
0.53
0.64
7.57
0.40
-15.97
0.93
1.05
1.06
1.16
-100.70
-1.30
7.46
1.01
0.97
0.26
-99.30
0.89
7.60
1.00
1.04
1.06
1.97
2.03
0.96
0.98
0.11
-0.06
0.56
7.22
1.03
7.06
-23.60
1.04
0.03
0.56
-100.58
-102.46
1.30
7.36
1.61
0.55
1.06
2.02
0.71
0.93
1.11
0.73
52.37
-101.29
1.00
1.07
1.06
-102.35
1.63
0.90
-81.46
1.05
1.03
0.85
0.86
7.43
-12.85
1.02
1.07
7.54
1.03
7.58
1.07
1.06
-12.61
37.19
-100.61
0.90
1.02
5.26
14.48
1.17
7.30
38.65
58.31
0.97
0.86
1.03
0.70
0.74
-1.27
1.04
1.07
7.38
14.06
6.14
1.02
8.49
0.86
56.56
0.99
0.95
0.65
-101.00
0.63
-100.08
3.29
1.34
0.70
6.91
6.64
0.98
0.99
56.93
40.65
1.03
2.51
0.70
0.20
0.17
0.65
8.56
1.00
0.87
7.81
0.62
0.94
0.96
1.07
45.22
0.60
47.19
1.03
0.70
1.02
-3.10
51.50
0.31
50.83
1.01
5.40
1.03
-15.87
0.94
0.64
56.67
0.52
0.93
1.00
0.93
0.96
1.72
0.97
1.57
0.83
1.03
0.95
1.03
55.45
0.89
1.67
1.00
0.26
7.35
0.92
0.82
5.92
1.08
1.06
1.71
2.30
0.56
1.02
1.04
1.07
20.51
0.88
0.72
0.87
1.18
0.82
0.75
1.05
46.87
1.00
2.28
0.48
1.21
1.05
1.26
7.37
-0.02
1.06
1.02
1.10
2.71
0.98
1.04
51.21
0.78
0.89
1.26
1.05
1.05
1.63
1.02
1.11
1.02
1.09
1.01
1.05
1.00
1.05
1.06
49.73
1.00
1.00
1.01
1.04
7.62
43.86
0.96
0.95
1.09
1.03
1.02
1.04
0.77
0.95
1.05
1.04
9.88
1.05
0.96
0.91
1.03
1.06
0.82
7.57
0.89
0.84
35.96
53.63
1.02
58.92
1.03
1.03
1.03
12.48
4.73
56.27
0.75
14.39
1.12
21.89
7.64
0.94
53.22
-21.76
8.06
59.27
7.64
0.98
19.75
1.08
1.05
0.92
1.02
22.81
0.95
0.89
1.18
7.48
1.05
7.65
-6.29
7.34
5.34
23.05
0.73
0.64
1.09
1.04
7.63
7.66
0.99
1.02
1.03
7.62
1.03
7.66
7.60
0.54
29.64
-17.47
-31.10
1.37
1.11
1.04
0.97
1.13
1.32
6.21
7.62
1.08
9.43
0.98
58.74
-18.06
1.06
7.58
-36.87
1.05
44.43
-55.39
1.38
1.00
1.18
1.01
7.59
0.98
1.17
0.55
0.58
0.65
1.06
1.09
44.11
1.04
0.99
1.07
-12.43
0.76
1.06
1.09
7.46
12.42
5.32
7.65
-1.26
26.89
0.35
56.15
1.07
1.02
1.05
0.91
2.33
1.04
0.45
9.55
7.61
0.75
0.97
19.30
0.97
10.97
0.96
1.06
0.98
1.07
7.65
7.19
1.06
7.66
1.04
1.04
1.04
1.05
-102.81
1.00
42.09
7.54
14.17
1.69
51.90
7.45
0.97
0.96
1.04
0.82
7.62
45.59
0.91
0.98
58.86
7.65
0.77
1.04
1.05
0.93
7.65
1.07
1.01
1.07
1.34
7.61
0.95
-28.94
0.68
-0.11
7.29
7.64
12.61
0.91
0.98
1.06
7.44
42.78
1.19
7.61
0.78
46.55
58.64
0.87
1.14
1.08
1.04
1.37
0.87
1.58
1.07
40.32
0.94
0.93
0.48
7.65
1.05
0.56
5.30
0.26
0.49
39.32
14.14
34.00
1.29
0.94
0.98
1.01
1.07
1.28
45.45
50.05
-64.85
1.09
38.01
0.96
36.98
38.51
3.39
0.68
1.04
7.66
1.06
1.05
38.61
6.10
1.26
-101.33
35.90
0.88
1.77
7.67
12.22
37.55
1.15
1.07
33.52
0.95
1.28
13.87
3.88
1.00
35.53
7.32
0.91
0.90
1.07
35.73
1.05
1.94
7.64
0.98
1.03
1.09
7.66
42.20
7.51
1.08
1.33
0.96
1.07
1.05
9.76
1.03
1.02
1.06
2.16
0.99
0.97
7.64
0.98
25.08
12.85
1.02
40.07
-101.65
5.82
30.40
1.07
14.10
39.61
1.02
9.26
17.38
0.41
14.00
1.05
7.76
1.07
1.07
1.17
1.02
0.95
1.07
1.08
1.05
1.04
1.03
27.39
38.47
1.06
1.03
13.29
33.35
1.02
11.00
6.19
1.07
1.05
1.07
1.03
1.83
37.26
25.85
1.06
1.05
1.00
1.05
1.00
0.95
1.04
1.00
12.35
1.06
1.07
12.52
0.63
1.03
3.21
1.06
37.94
0.94
0.95
10.58
-58.64
1.05
43.50
1.01
1.06
1.03
4.80
1.04
0.84
0.97
0.96
1.08
0.93
1.00
1.01
1.04
3.94
1.06
1.03
34.60
13.14
13.89
-70.25
1.02
1.28
9.85
0.94
1.09
0.83
21.69
1.61
-77.39
14.22
-1.26
13.75
1.06
1.09
1.68
0.88
7.66
0.82
0.98
0.99
1.07
56.60
-101.38
1.06
1.05
7.62
0.89
0.88
-98.60
0.95
7.65
0.83
7.65
7.64
1.03
1.03
1.05
1.06
1.04
0.92
-75.85
32.27
0.87
0.98
0.97
0.97
0.87
1.06
-1.29
1.07
1.18
1.04
1.07
1.09
0.97
0.84
1.05
0.99
1.07
0.99
0.72
0.99
7.65
8.08
1.02
0.74
7.64
7.64
1.20
1.05
0.86
0.43
0.62
0.97
0.97
0.82
1.07
0.98
1.64
1.03
1.04
8.35
0.78
1.14
5.44
1.03
1.24
7.63
1.05
0.81
49.11
50.84
7.66
-98.41
56.50
7.66
58.07
1.03
7.66
0.97
1.03
58.70
0.83
1.03
1.07
1.01
1.50
1.53
7.67
1.06
0.95
1.02
1.03
-101.81
0.42
1.26
0.64
1.06
1.02
1.13
1.01
-88.02
7.63
1.03
1.01
1.09
0.91
1.08
7.68
0.67
1.05
1.05
0.47
-100.40
38.78
0.99
1.07
1.07
2.30
0.96
1.21
1.07
1.06
0.89
-0.08
1.07
8.26
-87.37
0.97
10.87
1.10
0.91
0.92
2.19
1.92
0.97
1.07
1.12
0.93
0.75
2.07
0.62
2.50
-97.29
-101.17
0.98
1.09
